pic_128.jpg 7,23,790,556,79 
pic_1026.jpg 125,238,537,426,79 
pic_659.jpg 6,79,343,251,79 
foto04873.jpg 544,276,786,439,79 
pic_070.jpg 87,351,1989,1097,79 
pic_064.jpg 17,77,289,221,79 
foto04757.jpg 571,430,777,561,79 
0083.jpg 230,403,1362,721,79 
foto02031.jpg 408,203,894,606,79 
foto04351.jpg 15,3,1280,703,79 
pic_457.jpg 31,138,653,505,79 
pic_954.jpg 107,60,376,303,79 
pic_343.jpg 42,248,800,525,79 
pic_537.jpg 63,27,376,215,79 
pic_1174.jpg 199,48,316,134,79 
pic_798.jpg 220,21,732,224,79 
pic_367.jpg 15,30,298,109,79 
yoto03046.jpg 336,230,858,356,79 
pic_567.jpg 108,54,516,148,79 
pic_511.jpg 401,120,760,218,79 
pic_519.jpg 137,117,639,252,79 
yoto06468.jpg 279,198,1138,382,79 
pic_862.jpg 57,96,1454,511,79 
foto15429.jpg 629,291,727,380,79 
pic_071.jpg 29,30,992,297,79 
pic_348.jpg 37,38,742,483,79 
pic_205.jpg 2,100,600,439,79 
pic_172.jpg 315,369,675,596,79 
foto05308.jpg 247,0,1027,306,79 
pic_885.jpg 394,60,1707,1269,79 
pic_018.jpg 13,11,500,197,79 
pic_1237.jpg 36,18,476,245,79 
0236.jpg 71,71,1195,466,79 
scene00586.jpg 12,177,1192,890,79 
0087.jpg 6,23,417,314,79 
pic_880.jpg 1004,301,1066,355,79 
foto01045.jpg 346,155,838,612,79 
pic_328.jpg 191,94,384,201,79 
pic_254.jpg 24,149,446,295,79 
pic_702.jpg 128,181,804,630,79 
pic_315.jpg 20,149,640,487,79 
0255.jpg 23,41,193,165,79 
pic_251.jpg 6,21,762,295,79 
pic_781.jpg 117,78,1399,657,79 
pic_534.jpg 65,142,561,309,79 
foto04670.jpg 558,389,795,525,79 
pic_557.jpg 23,158,640,410,79 
0037.jpg 39,39,228,161,79 
pic_917.jpg 88,27,928,273,79 
pic_757.jpg 1,7,955,606,79 
pic_570.jpg 23,57,485,301,79 
pic_013.jpg 3,127,280,267,79 
foto04235.jpg 35,5,1280,684,79 
pic_1181.jpg 257,136,291,153,79 
foto05134.jpg 204,24,830,222,79 
pic_550.jpg 55,211,963,736,79 
pic_526.jpg 14,75,500,429,79 
scene00196.jpg 267,273,1916,1088,79 
pic_223.jpg 12,2,994,702,79 
pic_1230.jpg 871,55,1895,891,79 
pic_914.jpg 142,241,912,499,79 
scene00151.jpg 448,249,1284,633,79 
pic_666.jpg 10,8,886,460,79 
pic_924.jpg 57,20,576,249,79 
pic_752.jpg 9,69,280,246,79 
foto01741.jpg 408,117,1022,489,79 
pic_594.jpg 14,61,358,300,79 
pic_654.jpg 7,74,500,275,79 
pic_1102.jpg 9,144,599,356,79 
pic_961.jpg 17,136,254,265,79 
scene00091.jpg 399,307,1508,764,79 
0283.jpg 550,32,1548,460,79 
yoto01103.jpg 239,68,912,613,79 
0008.jpg 450,162,580,217,79 
pic_683.jpg 21,88,468,254,79 
pic_906.jpg 7,24,300,186,79 
pic_652.jpg 28,80,581,262,79 
pic_789.jpg 20,151,482,332,79 
pic_432.jpg 25,110,399,318,79 
foto07396.jpg 586,354,644,396,79 
pic_887.jpg 16,130,492,290,79 
yoto10586.jpg 213,322,649,621,79 
pic_325.jpg 145,81,692,275,79 
yoto00813.jpg 164,313,708,434,79 
0324.jpg 115,49,1084,475,79 
pic_060.jpg 177,49,993,572,79 
yoto01074.jpg 249,74,925,608,79 
pic_142.jpg 385,104,704,265,79 
foto14588.jpg 643,324,664,337,79 
pic_096.jpg 72,70,1008,401,79 
yoto10934.jpg 441,362,892,461,79 
pic_518.jpg 64,114,200,171,79 191,129,283,166,79 188,178,334,234,79 130,247,267,292,79 88,202,170,241,79 20,193,77,237,79 137,0,288,54,79 245,105,377,165,79 319,242,399,298,79 250,271,310,299,79 1,249,83,300,79 1,44,134,115,79 307,26,400,106,79 
pic_653.jpg 32,60,387,210,79 
pic_963.jpg 55,52,341,276,79 
pic_396.jpg 156,102,1113,455,79 
scene00031.jpg 821,89,1204,1088,79 
pic_418.jpg 13,38,350,222,79 
foto07454.jpg 558,346,578,369,79 
pic_1159.jpg 2,175,296,386,79 
pic_149.jpg 40,346,773,626,79 
pic_279.jpg 383,113,1199,419,79 
0264.jpg 115,17,484,245,79 
pic_297.jpg 12,269,1000,713,79 
pic_1096.jpg 74,27,518,367,79 
pic_689.jpg 115,67,535,274,79 
foto05540.jpg 446,171,782,396,79 
pic_562.jpg 28,87,701,438,79 
pic_382.jpg 69,124,787,496,79 
pic_439.jpg 30,29,152,98,79 
0296.jpg 54,84,852,536,79 
0035.jpg 20,52,267,138,79 
0001.jpg 124,35,820,244,79 
foto04728.jpg 570,453,784,572,79 
0295.jpg 182,101,528,200,79 
pic_1014.jpg 4,39,619,339,79 
pic_688.jpg 32,50,784,416,79 
scene00691.jpg 320,1,1429,1073,79 
pic_082.jpg 115,408,1897,1492,79 
pic_502.jpg 230,55,577,225,79 
pic_353.jpg 92,49,595,307,79 
pic_628.jpg 13,267,593,485,79 
pic_310.jpg 10,151,796,677,79 
0224.jpg 8,131,492,348,79 
foto01190.jpg 589,200,1097,619,79 
pic_274.jpg 24,42,423,375,79 
pic_806.jpg 32,31,366,218,79 
0250.jpg 1853,166,4917,1595,79 
pic_414.jpg 75,58,329,121,79 
pic_009.jpg 314,841,4117,2480,79 
pic_563.jpg 56,75,992,538,79 
pic_622.jpg 3,68,724,277,79 
pic_836.jpg 58,79,440,312,79 
pic_467.jpg 5,155,279,275,79 
pic_971.jpg 441,60,547,109,79 
yoto05192.jpg 620,190,915,281,79 
0309.jpg 41,113,631,339,79 
0314.jpg 39,228,509,455,79 
0310.jpg 48,60,596,344,79 
pic_492.jpg 152,53,512,379,79 
0257.jpg 179,27,889,460,79 
pic_089.jpg 7,32,352,240,79 
pic_180.jpg 23,127,879,858,79 
pic_1136.jpg 919,131,1065,238,79 
pic_749.jpg 27,46,267,165,79 
pic_116.jpg 127,93,429,242,79 
pic_247.jpg 128,188,753,442,79 
pic_1112.jpg 110,36,845,430,79 
pic_1034.jpg 46,65,740,433,79 
foto14936.jpg 590,416,714,510,79 
pic_747.jpg 0,71,422,323,79 
yoto01277.jpg 126,327,641,502,79 
pic_094.jpg 104,376,962,668,79 
pic_106.jpg 12,172,1011,595,79 
yoto10760.jpg 543,185,782,394,79 
pic_156.jpg 40,156,1936,1904,79 
pic_002.jpg 18,103,417,338,79 
foto02872.jpg 706,21,1280,610,79 
foto04902.jpg 446,283,720,448,79 
pic_918.jpg 55,68,999,722,79 
pic_134.jpg 8,45,150,125,79 
pic_324.jpg 4,63,280,357,79 
pic_1139.jpg 77,171,718,370,79 
pic_595.jpg 122,470,1911,1502,79 
0312.jpg 435,48,853,238,79 
pic_681.jpg 87,19,901,382,79 
0268.jpg 1318,206,3554,2569,79 
pic_217.jpg 9,41,267,177,79 
pic_531.jpg 22,135,492,417,79 
pic_421.jpg 23,221,751,581,79 
pic_099.jpg 9,219,576,432,79 
pic_481.jpg 14,283,649,503,79 
pic_360.jpg 13,11,500,189,79 
pic_1050.jpg 14,109,399,269,79 
foto01219.jpg 593,188,1070,604,79 
yoto06439.jpg 353,190,1169,410,79 
foto04409.jpg 197,48,1112,619,79 
pic_108.jpg 62,80,329,176,79 
pic_529.jpg 27,29,201,94,79 
pic_080.jpg 2,205,999,689,79 
pic_1201.jpg 91,138,637,447,79 
0318.jpg 316,187,1513,984,79 
pic_647.jpg 21,74,577,291,79 
pic_966.jpg 231,45,663,197,79 
pic_673.jpg 7,6,650,235,79 
pic_093.jpg 52,162,587,386,79 
yoto10499.jpg 171,289,647,432,79 
pic_230.jpg 295,268,1324,671,79 
pic_406.jpg 203,175,791,336,79 
pic_448.jpg 94,61,607,229,79 
foto05105.jpg 326,41,958,271,79 
pic_056.jpg 142,82,692,414,79 
scene00076.jpg 442,267,1398,1030,79 
pic_1005.jpg 1,27,250,209,79 
pic_738.jpg 4,38,176,140,79 
pic_185.jpg 19,46,2520,967,79 
pic_224.jpg 19,27,593,311,79 
pic_975.jpg 94,142,396,309,79 
0278.jpg 143,116,312,195,79 
foto05569.jpg 460,163,783,353,79 
pic_053.jpg 1,14,499,304,79 
pic_1003.jpg 78,111,725,443,79 
foto01567.jpg 440,32,1015,505,79 
yoto03075.jpg 341,198,777,307,79 
yoto11050.jpg 65,220,728,393,79 
pic_1217.jpg 231,70,557,191,79 
0282.jpg 450,132,1157,577,79 
pic_991.jpg 22,82,844,257,79 
0217.jpg 153,71,732,383,79 
0030.jpg 65,31,277,127,79 
pic_668.jpg 6,0,485,238,79 
pic_786.jpg 30,109,829,428,79 
pic_184.jpg 116,56,511,293,79 
pic_710.jpg 691,274,1794,630,79 
pic_755.jpg 120,92,739,495,79 
scene00016.jpg 717,116,1095,1087,79 
foto01828.jpg 383,262,842,663,79 
pic_1216.jpg 56,153,433,290,79 
pic_952.jpg 148,225,537,349,79 
pic_910.jpg 73,184,765,604,79 
pic_539.jpg 53,9,703,261,79 
pic_127.jpg 40,29,568,465,79 
pic_1234.jpg 1,108,375,249,79 
pic_735.jpg 89,106,987,537,79 
pic_875.jpg 86,78,369,256,79 
foto05076.jpg 357,47,988,335,79 
pic_101.jpg 7,120,412,332,79 
pic_486.jpg 4,55,443,295,79 
pic_095.jpg 6,137,600,406,79 
pic_1028.jpg 809,35,1588,664,79 
pic_1033.jpg 56,74,247,131,79 
pic_590.jpg 23,42,751,378,79 
pic_384.jpg 255,250,2397,809,79 
pic_286.jpg 51,19,476,180,79 
pic_021.jpg 36,34,608,257,79 
foto02843.jpg 639,23,1280,655,79 
pic_262.jpg 6,20,300,134,79 
pic_242.jpg 146,275,883,719,79 
pic_298.jpg 3,408,1845,1216,79 
pic_970.jpg 661,210,1277,427,79 
scene00601.jpg 102,136,1287,901,79 
0101.jpg 39,15,281,172,79 
pic_1080.jpg 130,76,318,167,79 
pic_998.jpg 6,20,678,307,79 
pic_766.jpg 860,339,1474,583,79 
pic_388.jpg 5,14,349,354,79 
pic_981.jpg 203,97,784,291,79 
pic_493.jpg 126,160,794,354,79 
pic_584.jpg 146,96,1029,603,79 
pic_778.jpg 32,1,1023,566,79 
pic_549.jpg 30,43,324,311,79 
pic_147.jpg 54,163,611,386,79 
pic_657.jpg 11,93,640,567,79 
pic_759.jpg 29,205,603,404,79 
pic_422.jpg 1038,537,2896,1279,79 
pic_743.jpg 88,66,962,381,79 
pic_187.jpg 18,175,1075,651,79 
pic_649.jpg 2,11,422,193,79 
0306.jpg 30,138,551,279,79 
pic_645.jpg 3,3,500,204,79 
pic_1105.jpg 1770,1176,2208,1453,79 2505,972,2782,1122,79 1129,991,1485,1153,79 1823,829,2091,964,79 2923,797,3193,941,79 803,870,1064,994,79 1931,678,2117,763,79 
0316.jpg 74,109,746,654,79 
scene00526.jpg 250,348,1362,701,79 
pic_120.jpg 20,10,362,159,79 
pic_204.jpg 67,75,720,294,79 
0086.jpg 41,83,1500,906,79 
pic_322.jpg 414,50,1159,344,79 
yoto02959.jpg 299,237,801,443,79 
pic_428.jpg 39,30,366,191,79 
pic_370.jpg 123,194,925,424,79 
pic_1091.jpg 26,161,460,331,79 
pic_591.jpg 41,59,582,285,79 
0292.jpg 152,55,1198,566,79 
pic_575.jpg 34,71,603,332,79 
pic_1214.jpg 171,193,599,400,79 
pic_542.jpg 31,109,989,626,79 
foto14704.jpg 493,335,599,419,79 
pic_474.jpg 184,19,612,159,79 
pic_632.jpg 389,57,1633,1065,79 
yoto00900.jpg 165,308,694,433,79 
scene01021.jpg 750,427,1158,1088,79 
yoto00987.jpg 464,245,1132,417,79 
pic_505.jpg 32,193,1250,556,79 
0050.jpg 35,29,267,133,79 
pic_331.jpg 1190,1210,4495,2428,79 
pic_1032.jpg 91,15,548,426,79 
pic_354.jpg 11,172,612,365,79 
pic_140.jpg 89,41,689,285,79 
scene00421.jpg 445,297,1366,671,79 
foto01886.jpg 384,196,859,574,79 
0243.jpg 108,119,711,403,79 
pic_605.jpg 8,107,481,387,79 
pic_506.jpg 30,3,267,114,79 
pic_460.jpg 361,38,777,332,79 
pic_253.jpg 2,7,498,221,79 
pic_1172.jpg 23,8,1491,694,79 
scene00211.jpg 290,34,1795,747,79 
0254.jpg 180,100,975,459,79 
scene00931.jpg 432,200,1176,1088,79 
foto01596.jpg 471,25,1034,510,79 
pic_672.jpg 2,71,719,211,79 
pic_415.jpg 43,90,963,496,79 
pic_006.jpg 165,360,1887,1512,79 
pic_620.jpg 668,398,1280,656,79 
0240.jpg 887,36,1156,198,79 
pic_029.jpg 5,135,445,314,79 
foto14414.jpg 533,277,572,316,79 
pic_123.jpg 11,158,591,348,79 
0231.jpg 110,537,1081,814,79 
pic_905.jpg 2,1,268,157,79 
0273.jpg 63,54,708,301,79 
pic_678.jpg 16,23,550,381,79 
0267.jpg 269,17,821,208,79 
pic_076.jpg 25,240,479,513,79 
pic_871.jpg 388,110,968,358,79 
yoto11021.jpg 449,338,840,557,79 
foto01799.jpg 409,240,911,662,79 
0251.jpg 151,25,730,289,79 
pic_729.jpg 20,78,859,451,79 
pic_1169.jpg 124,113,378,348,79 
pic_275.jpg 218,24,577,323,79 
pic_1226.jpg 1,1,186,47,79 
pic_011.jpg 14,91,794,451,79 
pic_306.jpg 118,100,773,435,79 
pic_904.jpg 286,171,1067,699,79 
foto15052.jpg 511,195,553,222,79 
pic_148.jpg 7,56,225,179,79 
yoto02698.jpg 261,158,1062,410,79 
foto05366.jpg 142,111,958,466,79 
scene00331.jpg 484,226,1603,841,79 
yoto04931.jpg 499,91,957,209,79 
pic_776.jpg 240,169,779,768,79 
foto04960.jpg 369,205,951,497,79 
pic_115.jpg 86,218,495,378,79 
0065.jpg 0,117,900,469,79 
0088.jpg 6,110,356,345,79 
pic_782.jpg 65,307,1048,770,79 
pic_363.jpg 108,63,568,285,79 
pic_814.jpg 1,20,639,255,79 
0012.jpg 292,4,469,102,79 
pic_497.jpg 29,186,981,612,79 
pic_828.jpg 1,0,947,672,79 
foto14762.jpg 574,413,679,498,79 
pic_1013.jpg 194,82,500,233,79 
pic_005.jpg 51,323,1117,845,79 
pic_717.jpg 70,105,678,426,79 
pic_065.jpg 32,78,710,314,79 
pic_290.jpg 35,65,573,404,79 
scene00811.jpg 487,107,1713,1060,79 
pic_516.jpg 57,20,653,145,79 
pic_307.jpg 144,13,825,243,79 
pic_456.jpg 156,125,368,230,79 
pic_319.jpg 122,437,1936,1460,79 
pic_122.jpg 36,119,822,866,79 
pic_676.jpg 53,46,670,354,79 
pic_515.jpg 300,41,568,122,79 
pic_475.jpg 94,69,276,130,79 
foto14443.jpg 580,204,615,242,79 
pic_047.jpg 24,207,787,566,79 
foto14646.jpg 612,339,636,357,79 
pic_155.jpg 261,55,2452,1070,79 
pic_069.jpg 19,76,988,922,79 
0014.jpg 174,16,542,172,79 
pic_736.jpg 63,24,692,379,79 
yoto02901.jpg 633,261,679,317,79 
0221.jpg 102,90,858,559,79 
pic_1197.jpg 9,117,338,406,79 
scene00361.jpg 378,360,1575,924,79 
pic_105.jpg 32,269,976,584,79 
pic_211.jpg 19,200,1024,979,79 
scene00571.jpg 228,361,1369,701,79 
pic_912.jpg 38,130,270,288,79 
scene00721.jpg 571,6,1598,1044,79 
pic_090.jpg 50,278,1293,773,79 
pic_209.jpg 137,31,575,206,79 
pic_608.jpg 27,103,441,343,79 
pic_371.jpg 0,9,362,433,79 
pic_638.jpg 63,31,729,354,79 
pic_644.jpg 883,21,1182,225,79 
pic_576.jpg 111,61,448,223,79 
foto00291.jpg 447,327,727,567,79 
pic_048.jpg 12,230,776,548,79 
pic_489.jpg 9,32,429,181,79 
pic_835.jpg 35,1,389,190,79 
pic_296.jpg 213,499,2288,1095,79 
foto14617.jpg 654,392,676,408,79 
pic_532.jpg 235,206,450,329,79 
0095.jpg 405,89,553,177,79 
0069.jpg 24,75,561,299,79 
pic_728.jpg 129,0,663,297,79 
pic_125.jpg 232,444,1807,822,79 
pic_660.jpg 1,105,500,254,79 
pic_351.jpg 238,132,1537,508,79 
pic_1104.jpg 39,47,480,297,79 
pic_206.jpg 10,116,452,329,79 
pic_892.jpg 778,39,1658,465,79 
pic_152.jpg 92,123,541,348,79 
0072.jpg 69,61,531,307,79 
pic_634.jpg 41,61,213,154,79 
0034.jpg 32,38,239,135,79 
foto01364.jpg 608,97,1114,506,79 
yoto01161.jpg 261,88,919,610,79 
pic_020.jpg 26,84,356,228,79 
0093.jpg 18,21,423,210,79 
pic_092.jpg 945,471,4080,2774,79 
pic_573.jpg 58,88,786,361,79 
foto04844.jpg 554,261,771,395,79 
pic_1054.jpg 87,108,237,169,79 
yoto00958.jpg 479,268,1107,410,79 
pic_1170.jpg 32,128,380,260,79 
foto02756.jpg 242,83,1032,682,79 
pic_316.jpg 235,120,637,352,79 
pic_464.jpg 69,40,935,455,79 
pic_552.jpg 269,75,567,246,79 
pic_1121.jpg 101,152,217,203,79 
pic_884.jpg 607,17,1043,270,79 
yoto09716.jpg 152,356,625,484,79 
pic_028.jpg 54,154,1472,736,79 
pic_043.jpg 49,236,849,677,79 
yoto02756.jpg 334,188,999,375,79 
scene00166.jpg 489,157,1401,606,79 
pic_190.jpg 140,73,766,460,79 
pic_615.jpg 65,62,469,216,79 
pic_651.jpg 3,325,1024,883,79 
pic_158.jpg 350,61,1142,562,79 
0272.jpg 284,97,735,396,79 
pic_1182.jpg 37,160,664,383,79 
pic_656.jpg 61,75,927,371,79 
pic_287.jpg 23,119,474,375,79 
yoto05163.jpg 664,194,922,268,79 
pic_517.jpg 497,82,659,154,79 
pic_504.jpg 45,24,1192,267,79 
pic_700.jpg 154,0,272,56,79 
pic_524.jpg 9,29,393,258,79 
pic_346.jpg 122,23,473,233,79 
yoto01016.jpg 456,247,1155,389,79 
0331.jpg 32,46,257,227,79 
pic_411.jpg 63,181,1030,378,79 
foto07338.jpg 705,392,740,412,79 
pic_188.jpg 132,82,712,405,79 
pic_1156.jpg 252,433,986,816,79 
0054.jpg 4,12,225,136,79 
pic_226.jpg 2,145,280,282,79 
pic_610.jpg 12,31,360,172,79 
foto15023.jpg 598,329,632,356,79 
pic_1215.jpg 96,124,1948,1120,79 
scene00286.jpg 394,97,1431,588,79 
pic_1157.jpg 16,210,697,415,79 
pic_055.jpg 44,223,1111,851,79 
pic_1047.jpg 455,344,948,553,79 
pic_744.jpg 261,156,649,358,79 
pic_846.jpg 107,110,496,190,79 
0042.jpg 28,32,267,155,79 
pic_1110.jpg 687,714,1367,1295,79 
pic_1107.jpg 14,29,369,151,79 
yoto02785.jpg 372,245,994,427,79 
pic_276.jpg 280,89,646,203,79 
pic_677.jpg 6,50,769,571,79 
pic_698.jpg 6,29,279,181,79 
pic_084.jpg 13,139,583,391,79 
pic_027.jpg 74,166,477,378,79 
pic_330.jpg 147,25,1263,969,79 
pic_720.jpg 89,163,1097,579,79 
pic_882.jpg 30,312,704,763,79 
0234.jpg 252,292,2244,1394,79 
pic_646.jpg 45,200,916,618,79 
pic_544.jpg 0,33,236,141,79 
pic_964.jpg 47,212,592,564,79 
pic_740.jpg 15,20,933,545,79 
pic_730.jpg 7,13,283,221,79 
pic_487.jpg 26,78,175,151,79 
foto01683.jpg 584,57,1020,417,79 
scene00301.jpg 364,145,1344,636,79 
0068.jpg 89,62,519,287,79 
pic_858.jpg 94,179,602,415,79 
pic_801.jpg 10,124,1000,301,79 
pic_081.jpg 32,77,276,221,79 
pic_057.jpg 65,68,1134,406,79 
pic_469.jpg 35,169,1370,827,79 
pic_1168.jpg 62,193,733,434,79 
pic_667.jpg 1,25,142,157,79 
pic_170.jpg 3,82,278,328,79 
pic_376.jpg 1,13,243,234,79 
yoto00784.jpg 149,271,713,420,79 
pic_983.jpg 364,395,489,491,79 
yoto11079.jpg 68,228,679,424,79 
pic_135.jpg 5,140,502,276,79 
scene00916.jpg 466,7,1182,905,79 
0004.jpg 363,376,1833,1018,79 
pic_213.jpg 63,223,1355,709,79 
pic_967.jpg 49,106,868,478,79 
yoto02872.jpg 619,263,675,322,79 
yoto01248.jpg 136,312,654,442,79 
pic_775.jpg 67,38,988,649,79 
foto01712.jpg 506,0,1032,455,79 
pic_277.jpg 1,5,338,173,79 
pic_144.jpg 17,214,797,603,79 
yoto00001.jpg 241,133,874,246,79 
0229.jpg 258,249,1262,579,79 
pic_014.jpg 42,31,784,424,79 
foto01248.jpg 600,218,1104,618,79 
pic_932.jpg 111,15,152,45,79 
pic_719.jpg 45,442,1200,1444,79 
pic_859.jpg 3,85,355,220,79 
foto01451.jpg 600,3,1185,471,79 
pic_061.jpg 73,218,1186,940,79 
0322.jpg 289,26,1822,683,79 
pic_665.jpg 1,68,350,230,79 
pic_038.jpg 7,94,1200,526,79 
pic_1046.jpg 1,0,625,256,79 
pic_1176.jpg 430,950,1900,1799,79 
pic_754.jpg 212,245,1172,597,79 
pic_648.jpg 124,203,1115,578,79 
pic_016.jpg 1,13,500,250,79 
yoto00871.jpg 161,282,698,393,79 
pic_032.jpg 7,33,430,322,79 
pic_580.jpg 16,108,352,234,79 
0304.jpg 467,325,1132,578,79 
pic_1043.jpg 313,429,1186,722,79 
pic_138.jpg 16,103,321,212,79 
pic_522.jpg 9,151,489,346,79 
pic_1165.jpg 77,448,569,682,79 
foto05482.jpg 454,142,782,330,79 
foto04264.jpg 53,4,1280,694,79 
0285.jpg 22,10,424,271,79 
pic_368.jpg 68,9,589,205,79 
pic_715.jpg 413,11,1193,429,79 
pic_1009.jpg 19,87,339,250,79 
pic_1189.jpg 376,248,677,354,79 
pic_513.jpg 25,11,1023,207,79 
scene00631.jpg 343,19,1509,963,79 
pic_445.jpg 28,96,504,275,79 
foto04438.jpg 314,118,939,540,79 
pic_153.jpg 13,44,257,216,79 
pic_509.jpg 119,154,1395,763,79 
scene00676.jpg 225,9,1443,994,79 
0025.jpg 96,267,1207,551,79 
pic_167.jpg 162,131,775,414,79 
pic_194.jpg 139,68,988,501,79 
0245.jpg 100,45,642,313,79 
foto01915.jpg 427,196,870,556,79 
pic_957.jpg 240,39,588,277,79 
pic_385.jpg 51,54,320,238,79 
pic_714.jpg 3,37,974,967,79 
yoto05076.jpg 708,191,878,261,79 
0294.jpg 169,172,702,382,79 
pic_229.jpg 27,41,725,375,79 
0015.jpg 25,52,395,319,79 
yoto10905.jpg 408,349,789,502,79 
pic_959.jpg 155,1,337,100,79 
pic_132.jpg 52,176,665,519,79 
0276.jpg 120,460,1960,1416,79 
pic_1008.jpg 0,2,599,333,79 
foto05279.jpg 254,14,1025,353,79 
pic_063.jpg 16,76,773,415,79 
pic_045.jpg 46,41,449,254,79 
pic_173.jpg 21,176,975,517,79 
pic_491.jpg 27,25,348,127,79 
pic_451.jpg 13,40,271,165,79 
0215.jpg 188,66,348,139,79 
pic_911.jpg 3,77,278,257,79 
scene00886.jpg 339,5,1350,1088,79 
pic_507.jpg 106,210,1194,417,79 
pic_1093.jpg 4,30,312,138,79 
pic_332.jpg 32,113,402,304,79 
0026.jpg 35,33,216,147,79 
pic_241.jpg 0,213,639,424,79 
foto14530.jpg 549,318,563,331,79 
pic_068.jpg 117,16,741,310,79 
foto04293.jpg 51,0,1279,712,79 
foto05598.jpg 459,144,789,350,79 
foto04322.jpg 28,2,1280,702,79 
0227.jpg 87,43,792,433,79 
pic_372.jpg 173,107,534,313,79 
yoto01422.jpg 74,56,785,614,79 
yoto10847.jpg 499,270,821,460,79 
pic_774.jpg 47,218,1000,561,79 
foto05627.jpg 458,140,801,345,79 
pic_663.jpg 1,31,300,200,79 
foto05424.jpg 296,300,970,627,79 
pic_950.jpg 139,445,642,601,79 
pic_1154.jpg 302,309,989,746,79 
0092.jpg 48,24,1487,863,79 
pic_937.jpg 196,42,995,287,79 
0214.jpg 27,81,480,321,79 
0299.jpg 13,30,368,196,79 
scene00451.jpg 254,139,1605,1088,79 
foto02785.jpg 277,78,1015,667,79 
pic_582.jpg 3,6,499,239,79 
pic_560.jpg 123,138,684,395,79 
pic_022.jpg 1058,706,2047,1190,79 
0286.jpg 479,444,1428,872,79 
foto15110.jpg 637,296,663,320,79 
pic_837.jpg 1129,868,1899,1477,79 
pic_939.jpg 137,101,800,510,79 
foto14675.jpg 615,338,646,363,79 
pic_625.jpg 148,41,617,162,79 
0071.jpg 71,71,531,306,79 
pic_561.jpg 49,261,1241,685,79 
yoto10963.jpg 368,388,898,525,79 
pic_724.jpg 3,121,249,248,79 
scene00751.jpg 462,309,1820,810,79 
pic_564.jpg 53,295,981,675,79 
0079.jpg 130,24,536,240,79 
yoto06497.jpg 231,145,1155,371,79 
pic_026.jpg 74,83,525,525,79 
yoto01306.jpg 149,318,646,481,79 
scene00646.jpg 399,150,1335,1088,79 
foto01538.jpg 464,1,1025,484,79 
pic_554.jpg 86,510,2000,1465,79 
0241.jpg 193,98,497,199,79 
pic_427.jpg 10,12,292,155,79 
yoto00842.jpg 170,303,715,414,79 
0308.jpg 33,116,990,426,79 
foto14791.jpg 634,429,755,521,79 
foto05395.jpg 154,324,910,668,79 
pic_017.jpg 22,32,332,178,79 
pic_1048.jpg 84,70,376,247,79 
pic_375.jpg 592,322,3411,1940,79 
pic_943.jpg 1481,88,1885,317,79 
pic_664.jpg 23,135,469,361,79 
0226.jpg 38,13,587,259,79 
pic_849.jpg 93,175,702,388,79 
pic_945.jpg 3,14,350,341,79 
yoto00262.jpg 214,321,760,496,79 
foto14733.jpg 506,306,604,405,79 
pic_1095.jpg 479,278,921,645,79 
pic_480.jpg 69,111,350,273,79 
pic_339.jpg 33,112,289,232,79 
pic_1239.jpg 80,123,551,358,79 
foto00262.jpg 433,226,728,472,79 
pic_449.jpg 37,38,571,238,79 
pic_861.jpg 13,174,407,287,79 
pic_257.jpg 256,456,2782,1317,79 
pic_389.jpg 564,486,1682,738,79 
0263.jpg 274,206,2677,1250,79 
0277.jpg 385,51,493,119,79 
pic_062.jpg 4,10,296,296,79 
0274.jpg 46,71,546,314,79 
pic_356.jpg 12,218,799,631,79 
foto00987.jpg 382,127,915,581,79 
pic_1000.jpg 421,63,463,91,79 
pic_1049.jpg 105,96,607,278,79 
pic_601.jpg 5,34,466,349,79 
pic_442.jpg 1,21,768,254,79 
yoto01219.jpg 172,319,695,419,79 
pic_1178.jpg 44,5,262,216,79 
pic_309.jpg 162,83,1083,396,79 
yoto10876.jpg 475,315,794,446,79 
scene00826.jpg 512,185,1662,991,79 
0096.jpg 33,63,261,219,79 
0005.jpg 556,551,1144,877,79 
scene00376.jpg 331,344,1360,770,79 
foto05250.jpg 216,1,1076,341,79 
0239.jpg 344,6,490,76,79 
foto05511.jpg 453,128,775,324,79 
0317.jpg 135,36,948,473,79 
pic_690.jpg 35,55,463,249,79 
pic_1057.jpg 944,88,1440,446,79 
pic_111.jpg 251,159,968,458,79 
pic_179.jpg 5,106,359,258,79 
pic_196.jpg 8,224,1000,640,79 
pic_838.jpg 224,411,871,644,79 
pic_707.jpg 113,94,305,261,79 
pic_042.jpg 13,22,275,200,79 
pic_114.jpg 19,49,989,481,79 
pic_548.jpg 145,148,2004,1427,79 
yoto02930.jpg 627,264,667,310,79 
pic_293.jpg 21,162,485,342,79 
pic_802.jpg 337,119,636,269,79 
yoto04989.jpg 671,157,841,257,79 
foto00378.jpg 612,312,772,417,79 
pic_1208.jpg 76,37,541,380,79 
pic_898.jpg 6,12,349,343,79 
0048.jpg 28,11,246,148,79 
0011.jpg 208,47,1091,494,79 
pic_1150.jpg 358,263,658,390,79 
pic_626.jpg 18,34,353,214,79 
scene00391.jpg 530,335,1456,721,79 
pic_982.jpg 171,181,404,293,79 
pic_697.jpg 4,49,699,357,79 
pic_962.jpg 209,3,479,310,79 
foto01944.jpg 386,196,847,567,79 
pic_811.jpg 21,49,369,230,79 
foto14965.jpg 585,378,676,454,79 
pic_823.jpg 419,244,3381,1861,79 
pic_501.jpg 80,313,989,706,79 
pic_461.jpg 66,62,1024,545,79 
pic_470.jpg 37,51,588,310,79 
pic_214.jpg 8,379,1300,1221,79 
pic_890.jpg 201,162,448,249,79 
scene01036.jpg 572,180,1119,1088,79 
foto04931.jpg 323,240,879,504,79 
pic_566.jpg 232,117,487,215,79 
pic_1027.jpg 7,12,601,348,79 
pic_1059.jpg 10,61,473,266,79 
0266.jpg 585,732,5307,2548,79 
pic_218.jpg 61,54,316,161,79 
pic_818.jpg 380,98,661,258,79 
pic_221.jpg 9,8,686,253,79 
pic_856.jpg 102,159,834,459,79 
0237.jpg 140,74,1172,546,79 
0218.jpg 74,25,229,117,79 
yoto02611.jpg 279,109,962,420,79 
pic_1127.jpg 218,37,286,81,79 
yoto01393.jpg 107,58,814,624,79 
pic_953.jpg 7,115,264,209,79 
pic_403.jpg 695,103,786,156,79 
pic_928.jpg 144,68,669,527,79 
foto05018.jpg 327,23,868,318,79 
0302.jpg 115,304,750,635,79 
pic_787.jpg 432,220,1196,760,79 
scene00856.jpg 567,51,1712,1082,79 
yoto06410.jpg 380,226,1132,406,79 
pic_602.jpg 14,265,941,462,79 
pic_488.jpg 112,84,602,261,79 
foto01625.jpg 551,50,1056,484,79 
pic_1010.jpg 211,140,476,372,79 
scene00661.jpg 264,37,1408,1088,79 
pic_1199.jpg 13,11,736,399,79 
pic_883.jpg 43,175,1167,504,79 
pic_455.jpg 100,54,666,294,79 
pic_357.jpg 255,246,804,705,79 
yoto01451.jpg 117,95,1198,720,79 
pic_407.jpg 30,6,364,209,79 
pic_036.jpg 18,86,282,208,79 
foto02060.jpg 369,219,1063,718,79 
pic_841.jpg 64,47,265,223,79 
pic_1193.jpg 26,157,476,304,79 
pic_556.jpg 10,79,360,194,79 
yoto03017.jpg 314,205,886,367,79 
pic_074.jpg 17,169,800,558,79 
foto14849.jpg 643,516,757,606,79 
pic_252.jpg 112,69,648,249,79 
pic_050.jpg 25,145,351,348,79 
pic_842.jpg 0,9,232,108,79 
pic_680.jpg 22,70,702,448,79 
0293.jpg 91,34,1190,775,79 
pic_1075.jpg 571,232,775,308,79 
pic_301.jpg 5,51,237,200,79 
pic_269.jpg 131,255,1873,936,79 
pic_746.jpg 30,116,1080,707,79 
pic_345.jpg 65,153,788,320,79 
pic_133.jpg 109,351,911,587,79 
0213.jpg 211,94,524,262,79 
pic_820.jpg 165,107,794,421,79 
pic_256.jpg 144,37,711,327,79 
pic_718.jpg 136,115,545,349,79 
foto15400.jpg 519,280,645,368,79 
pic_583.jpg 9,82,588,517,79 
pic_259.jpg 390,316,702,408,79 
scene01051.jpg 654,3,1208,1024,79 
pic_821.jpg 1,75,575,671,79 
0024.jpg 23,46,987,969,79 
pic_471.jpg 30,216,800,527,79 
yoto02669.jpg 215,131,1041,403,79 
pic_141.jpg 58,28,1656,670,79 
pic_424.jpg 9,161,494,345,79 
pic_737.jpg 533,163,958,400,79 
scene00961.jpg 330,58,975,1024,79 
pic_863.jpg 143,192,855,412,79 
pic_201.jpg 15,22,599,224,79 
pic_1220.jpg 175,117,707,373,79 
pic_852.jpg 53,214,918,444,79 
pic_1070.jpg 207,150,766,590,79 
pic_867.jpg 13,89,724,483,79 
scene00706.jpg 538,53,1508,982,79 
pic_264.jpg 4,77,994,803,79 
pic_485.jpg 31,230,800,556,79 
pic_103.jpg 32,112,731,608,79 
pic_478.jpg 2,59,265,206,79 
pic_240.jpg 191,131,411,230,79 
yoto05134.jpg 676,196,897,258,79 
pic_600.jpg 32,37,570,206,79 
pic_413.jpg 39,78,446,280,79 
pic_843.jpg 111,145,595,318,79 
pic_1152.jpg 418,21,958,251,79 
pic_1133.jpg 195,38,1167,710,79 
0063.jpg 26,21,256,127,79 
foto01422.jpg 529,92,1026,510,79 
pic_292.jpg 38,40,1479,927,79 
pic_284.jpg 202,58,1201,921,79 
pic_510.jpg 579,202,803,309,79 
pic_822.jpg 810,154,1014,303,79 
0246.jpg 244,51,1417,706,79 
scene00616.jpg 244,53,1372,905,79 
pic_162.jpg 49,84,753,393,79 
pic_117.jpg 14,112,445,340,79 
0313.jpg 482,460,2353,1603,79 
0260.jpg 189,72,309,137,79 
pic_631.jpg 125,75,746,222,79 
pic_637.jpg 15,74,351,191,79 
pic_333.jpg 7,54,145,133,79 
yoto10702.jpg 143,337,634,494,79 
pic_104.jpg 9,236,1188,773,79 
foto00320.jpg 472,540,720,708,79 
pic_398.jpg 84,84,500,198,79 
pic_813.jpg 28,18,396,187,79 
pic_165.jpg 191,204,1036,777,79 
pic_669.jpg 17,70,1535,1113,79 
0040.jpg 24,37,302,130,79 
pic_973.jpg 967,166,1032,206,79 
yoto02727.jpg 293,141,1071,402,79 
pic_987.jpg 252,59,333,141,79 
0328.jpg 40,14,173,93,79 
pic_607.jpg 30,12,300,156,79 
pic_314.jpg 20,177,1500,1059,79 
pic_525.jpg 55,23,195,148,79 
0289.jpg 181,97,851,316,79 
pic_295.jpg 61,50,428,220,79 
pic_323.jpg 86,48,303,170,79 
pic_150.jpg 56,198,294,259,79 
0252.jpg 265,126,1405,748,79 
pic_066.jpg 44,111,553,274,79 
pic_164.jpg 30,156,739,501,79 
yoto01335.jpg 150,319,671,445,79 
pic_321.jpg 96,140,886,476,79 
pic_222.jpg 33,400,1976,1525,79 
pic_023.jpg 362,119,1160,563,79 
pic_410.jpg 364,29,485,135,79 
scene00481.jpg 411,381,1662,758,79 
pic_175.jpg 52,100,587,217,79 
pic_655.jpg 28,91,436,253,79 
pic_169.jpg 36,174,593,437,79 
yoto00436.jpg 168,267,683,564,79 
pic_739.jpg 127,83,633,291,79 
pic_189.jpg 204,526,1606,772,79 
pic_130.jpg 50,33,428,179,79 
scene00946.jpg 79,252,722,1087,79 
pic_444.jpg 79,84,715,410,79 
0258.jpg 119,54,690,393,79 
pic_712.jpg 37,79,1011,364,79 
pic_1113.jpg 156,49,1471,1021,79 
0280.jpg 190,25,639,282,79 
pic_131.jpg 22,18,585,148,79 
pic_658.jpg 9,138,891,488,79 
pic_598.jpg 7,45,580,353,79 
pic_437.jpg 141,33,663,266,79 
0256.jpg 305,184,726,379,79 
0271.jpg 369,196,1083,585,79 
0084.jpg 11,8,425,276,79 
0259.jpg 21,48,227,155,79 
pic_845.jpg 86,161,494,393,79 
pic_390.jpg 709,158,1946,651,79 
pic_810.jpg 37,95,1172,921,79 
pic_313.jpg 89,39,469,320,79 
0064.jpg 87,63,447,232,79 
foto14501.jpg 472,325,497,349,79 
foto14878.jpg 563,275,688,388,79 
0033.jpg 27,13,293,119,79 
pic_200.jpg 23,95,488,338,79 
pic_067.jpg 102,208,709,576,79 
foto01016.jpg 202,122,752,633,79 
foto01074.jpg 326,151,846,606,79 
pic_337.jpg 31,57,305,256,79 
foto00088.jpg 496,261,737,411,79 
pic_177.jpg 31,255,987,520,79 
foto14907.jpg 558,299,686,392,79 
pic_402.jpg 14,51,239,189,79 
pic_044.jpg 39,261,459,481,79 
scene00181.jpg 531,24,1919,775,79 
pic_804.jpg 7,361,355,498,79 
pic_197.jpg 325,189,883,380,79 
pic_281.jpg 13,69,736,243,79 
0097.jpg 55,90,239,210,79 
scene00511.jpg 135,389,1237,698,79 
pic_792.jpg 269,109,1571,605,79 
0091.jpg 29,57,383,219,79 
foto05453.jpg 422,299,757,500,79 
pic_1203.jpg 601,55,737,124,79 
foto05221.jpg 226,6,1071,376,79 
0220.jpg 62,300,1258,648,79 
0238.jpg 90,40,596,266,79 
pic_691.jpg 12,15,626,393,79 
0281.jpg 210,95,733,407,79 
scene00541.jpg 334,285,1487,696,79 
0090.jpg 243,165,884,504,79 
0073.jpg 54,81,555,287,79 
0059.jpg 76,8,268,120,79 
pic_927.jpg 112,68,420,256,79 
pic_1074.jpg 198,51,632,370,79 
pic_433.jpg 13,45,491,479,79 
pic_161.jpg 18,7,831,302,79 
yoto00320.jpg 218,326,746,480,79 
pic_797.jpg 26,73,607,534,79 
pic_815.jpg 67,82,885,614,79 
scene00046.jpg 831,4,1251,1038,79 
pic_124.jpg 237,20,1578,666,79 
pic_633.jpg 324,139,833,441,79 
0049.jpg 104,13,273,97,79 
yoto02843.jpg 602,269,677,346,79 
pic_466.jpg 67,160,947,545,79 
pic_896.jpg 476,6,1232,263,79 
pic_294.jpg 13,155,491,346,79 
pic_097.jpg 8,72,707,453,79 
pic_350.jpg 1,6,851,401,79 
pic_378.jpg 40,139,1140,529,79 
scene00976.jpg 319,2,863,963,79 
pic_075.jpg 16,78,600,351,79 
pic_232.jpg 232,43,835,448,79 
pic_235.jpg 104,202,392,361,79 
pic_893.jpg 88,48,920,528,79 
yoto11920.jpg 326,329,884,549,79 
pic_278.jpg 119,166,996,600,79 
pic_001.jpg 5,93,493,405,79 
pic_285.jpg 160,23,552,279,79 
pic_401.jpg 173,21,367,169,79 
0326.jpg 273,148,756,395,79 
scene00466.jpg 439,293,1633,1035,79 
0056.jpg 13,42,220,177,79 
scene00901.jpg 470,10,1422,1081,79 
pic_386.jpg 246,169,587,284,79 
scene00406.jpg 519,388,1400,770,79 
foto00233.jpg 613,292,689,351,79 
foto04380.jpg 5,6,1279,714,79 
pic_049.jpg 9,203,770,567,79 
yoto00378.jpg 211,276,717,564,79 
foto05047.jpg 400,30,949,320,79 
0291.jpg 85,92,537,303,79 
pic_1060.jpg 5,65,369,176,79 
0270.jpg 313,15,671,226,79 
pic_627.jpg 32,71,341,283,79 
pic_915.jpg 118,302,1982,1115,79 
yoto02814.jpg 548,261,677,381,79 
0225.jpg 32,9,616,248,79 
scene00841.jpg 385,96,1599,1021,79 
pic_273.jpg 18,49,300,223,79 
pic_586.jpg 22,148,800,537,79 
pic_650.jpg 24,163,679,501,79 
pic_568.jpg 156,8,455,147,79 
pic_946.jpg 150,108,269,184,79 
pic_587.jpg 25,39,691,298,79 
pic_263.jpg 28,82,231,178,79 
pic_237.jpg 45,14,645,211,79 
scene00226.jpg 203,88,1711,842,79 
0046.jpg 19,7,283,111,79 
pic_616.jpg 5,51,299,196,79 
pic_181.jpg 13,134,595,378,79 
scene00256.jpg 417,62,1587,701,79 
pic_174.jpg 54,26,1457,577,79 
pic_794.jpg 6,0,476,274,79 
pic_207.jpg 0,103,177,174,79 
pic_543.jpg 9,69,295,216,79 
pic_675.jpg 22,20,497,264,79 
foto07425.jpg 620,348,647,374,79 
scene00121.jpg 603,309,1645,785,79 
pic_443.jpg 43,92,262,200,79 
pic_699.jpg 43,64,548,281,79 
pic_098.jpg 13,14,494,263,79 
pic_387.jpg 5,81,296,227,79 
pic_695.jpg 7,8,640,236,79 
0013.jpg 2,10,626,401,79 
foto01480.jpg 533,7,1079,498,79 
pic_311.jpg 42,34,785,254,79 
pic_1135.jpg 166,97,530,277,79 
pic_352.jpg 82,30,960,511,79 
pic_808.jpg 3,26,274,206,79 
pic_765.jpg 99,270,731,624,79 
foto01770.jpg 341,188,915,581,79 
pic_1213.jpg 609,308,926,523,79 
0094.jpg 119,94,512,273,79 
yoto00407.jpg 191,271,676,646,79 
0009.jpg 144,146,836,550,79 
0269.jpg 37,73,643,285,79 
pic_1233.jpg 125,302,1383,802,79 
pic_581.jpg 41,68,1316,969,79 
pic_1025.jpg 168,150,861,437,79 
pic_234.jpg 17,120,597,393,79 
pic_1144.jpg 12,92,996,616,79 
pic_609.jpg 26,87,343,311,79 
pic_630.jpg 285,37,703,190,79 
foto05337.jpg 302,7,1049,374,79 
pic_260.jpg 47,77,579,234,79 
pic_661.jpg 2,75,449,596,79 
pic_547.jpg 24,19,630,127,79 
pic_008.jpg 32,120,334,262,79 
pic_146.jpg 67,394,1235,722,79 
pic_642.jpg 13,17,734,208,79 
pic_059.jpg 13,57,289,198,79 
pic_578.jpg 29,71,206,149,79 
foto07483.jpg 632,353,675,388,79 
pic_249.jpg 299,290,717,459,79 
pic_126.jpg 122,173,299,256,79 
pic_604.jpg 40,43,749,224,79 
0075.jpg 18,121,491,323,79 
pic_030.jpg 2,43,342,294,79 
pic_831.jpg 148,36,489,188,79 
pic_878.jpg 105,269,2447,1888,79 
pic_225.jpg 3,69,292,229,79 
pic_088.jpg 38,375,991,670,79 
pic_833.jpg 13,68,245,168,79 
scene00346.jpg 442,344,1568,885,79 
pic_198.jpg 62,23,451,218,79 
foto14559.jpg 628,314,651,331,79 
pic_327.jpg 56,64,472,308,79 
foto04496.jpg 90,1,746,299,79 
pic_349.jpg 24,101,399,273,79 
pic_052.jpg 24,221,1499,690,79 
pic_521.jpg 426,63,614,161,79 
pic_636.jpg 1,0,360,153,79 
pic_215.jpg 10,68,1354,446,79 
pic_058.jpg 171,335,2209,1529,79 
pic_394.jpg 10,57,269,157,79 
pic_265.jpg 8,2,606,220,79 
pic_1166.jpg 97,92,469,418,79 
pic_579.jpg 7,101,492,371,79 
scene00991.jpg 471,1,897,1088,79 
pic_662.jpg 8,30,479,354,79 
pic_440.jpg 615,74,1386,366,79 
pic_785.jpg 56,102,349,225,79 
foto14820.jpg 632,510,778,600,79 
pic_051.jpg 8,188,597,444,79 
yoto01132.jpg 248,72,921,603,79 
pic_1200.jpg 195,247,453,425,79 
pic_1004.jpg 56,80,944,492,79 
pic_1202.jpg 337,120,1151,436,79 
pic_523.jpg 0,6,799,221,79 
foto00349.jpg 455,446,650,590,79 
0332.jpg 5,61,295,207,79 
pic_935.jpg 30,28,448,210,79 
yoto00059.jpg 71,148,857,318,79 
pic_129.jpg 47,145,549,448,79 
pic_208.jpg 98,200,693,378,79 
0325.jpg 127,68,1072,417,79 
0297.jpg 168,119,544,333,79 
0305.jpg 42,37,785,493,79 
foto14356.jpg 592,302,667,361,79 
foto14472.jpg 608,392,640,427,79 
pic_299.jpg 118,187,965,407,79 
pic_696.jpg 91,202,1138,528,79 
pic_555.jpg 14,16,594,203,79 
pic_498.jpg 19,177,549,342,79 
pic_268.jpg 43,227,1106,868,79 
pic_373.jpg 14,194,799,371,79 
pic_300.jpg 246,142,1010,594,79 
pic_280.jpg 139,79,460,217,79 
pic_741.jpg 136,90,1148,623,79 
pic_854.jpg 1597,937,2300,1211,79 
pic_416.jpg 25,169,1023,485,79 
pic_546.jpg 88,260,1355,623,79 
pic_643.jpg 15,46,800,537,79 
pic_1106.jpg 141,155,605,328,79 
pic_379.jpg 12,39,584,278,79 
pic_435.jpg 3,11,234,228,79 
pic_121.jpg 20,157,504,312,79 
0032.jpg 15,11,291,136,79 
0287.jpg 119,61,528,226,79 
pic_472.jpg 21,80,566,351,79 
scene00436.jpg 345,115,1553,812,79 
pic_250.jpg 284,68,736,213,79 
foto01306.jpg 746,368,1232,720,79 
0288.jpg 29,169,568,356,79 
0216.jpg 32,27,647,356,79 
pic_452.jpg 97,134,542,314,79 
pic_721.jpg 60,95,798,379,79 
0319.jpg 205,34,838,448,79 
foto04815.jpg 567,217,771,346,79 
pic_722.jpg 46,215,981,668,79 
pic_940.jpg 565,651,1825,1440,79 
0232.jpg 241,86,497,216,79 
pic_1161.jpg 46,9,309,139,79 
pic_770.jpg 28,21,570,362,79 
yoto10557.jpg 100,299,662,438,79 
foto05685.jpg 442,176,804,433,79 
yoto10992.jpg 361,335,880,510,79 
yoto05018.jpg 715,185,887,248,79 
yoto01045.jpg 236,69,920,599,79 
yoto11485.jpg 129,290,679,468,79 
pic_083.jpg 106,132,763,377,79 
pic_195.jpg 631,593,964,871,79 
pic_484.jpg 1,80,299,220,79 
pic_569.jpg 32,11,541,232,79 
0007.jpg 154,29,706,439,79 
foto07367.jpg 462,368,556,438,79 
scene00796.jpg 409,26,1621,1002,79 
pic_220.jpg 32,90,1021,424,79 
pic_283.jpg 214,56,793,328,79 
pic_826.jpg 103,121,959,616,79 
pic_701.jpg 1,41,884,439,79 
pic_868.jpg 54,74,685,229,79 
foto01161.jpg 711,321,1280,717,79 
pic_623.jpg 62,44,793,334,79 
pic_965.jpg 0,19,417,294,79 
pic_203.jpg 47,58,564,281,79 
scene00316.jpg 540,96,1538,610,79 
pic_857.jpg 50,167,737,412,79 
foto01335.jpg 642,184,1131,592,79 
pic_1162.jpg 17,27,422,351,79 
pic_725.jpg 168,194,1836,667,79 
foto15081.jpg 588,234,622,268,79 
scene00241.jpg 336,108,1542,727,79 
pic_271.jpg 157,6,504,238,79 
pic_393.jpg 343,73,999,283,79 
pic_1042.jpg 152,152,349,228,79 
pic_192.jpg 252,35,802,273,79 
0029.jpg 13,16,263,128,79 
pic_039.jpg 26,102,1000,627,79 
pic_705.jpg 24,68,996,440,79 
0080.jpg 19,17,500,285,79 
pic_245.jpg 141,52,502,226,79 
yoto10383.jpg 192,311,632,416,79 
pic_342.jpg 200,130,1198,538,79 
0253.jpg 151,18,740,261,79 
pic_1130.jpg 92,170,1092,611,79 
pic_639.jpg 440,68,1078,367,79 
scene00496.jpg 394,451,1549,768,79 
pic_899.jpg 40,15,390,134,79 
pic_1044.jpg 2,55,460,226,79 
foto01654.jpg 590,69,1050,462,79 
pic_243.jpg 3,112,490,389,79 
pic_087.jpg 73,23,986,534,79 
0262.jpg 1037,388,1166,509,79 
pic_107.jpg 690,822,4372,2488,79 
yoto00465.jpg 151,256,693,395,79 
pic_706.jpg 2,248,436,763,79 
pic_417.jpg 112,39,328,187,79 
scene00556.jpg 335,307,1464,663,79 
pic_267.jpg 20,0,680,242,79 
scene00061.jpg 349,36,869,1066,79 
pic_219.jpg 87,11,545,338,79 
pic_1082.jpg 67,37,379,199,79 
pic_037.jpg 16,72,273,219,79 
0006.jpg 1202,598,1604,918,79 
scene00001.jpg 775,46,1252,1087,79 
pic_441.jpg 53,302,792,506,79 
pic_482.jpg 453,728,2853,1299,79 
pic_077.jpg 5,95,359,259,79 
0010.jpg 363,83,695,203,79 
pic_007.jpg 75,641,2500,1928,79 
pic_1148.jpg 120,39,866,407,79 
pic_536.jpg 17,56,350,297,79 
foto04699.jpg 584,450,815,589,79 
0003.jpg 354,172,1654,1091,79 
pic_617.jpg 23,155,232,257,79 
0279.jpg 434,34,742,227,79 
0061.jpg 26,71,174,149,79 
yoto10818.jpg 439,188,843,445,79 
foto01103.jpg 318,112,862,606,79 
0219.jpg 524,245,2564,1399,79 
pic_976.jpg 1,120,358,450,79 
yoto00494.jpg 148,277,693,460,79 
pic_773.jpg 182,139,378,259,79 
yoto10441.jpg 120,315,647,438,79 
0223.jpg 36,110,765,383,79 
foto14385.jpg 548,320,606,356,79 
pic_1117.jpg 148,46,645,266,79 
pic_545.jpg 141,72,927,267,79 
pic_767.jpg 57,57,601,285,79 
scene00136.jpg 540,256,1487,622,79 
foto05192.jpg 219,50,1029,410,79 
pic_420.jpg 348,60,700,140,79 
pic_380.jpg 107,15,684,258,79 
pic_238.jpg 169,32,664,271,79 
foto00117.jpg 519,258,740,414,79 
pic_559.jpg 131,106,617,357,79 
pic_468.jpg 51,33,292,125,79 
pic_151.jpg 11,15,489,186,79 
0228.jpg 354,162,1462,755,79 
pic_338.jpg 56,100,395,302,79 
0290.jpg 108,18,739,328,79 
yoto00030.jpg 144,158,879,298,79 
pic_1146.jpg 22,6,284,159,79 
pic_453.jpg 80,493,2000,1493,79 
0320.jpg 32,30,606,323,79 
pic_248.jpg 31,43,213,149,79 
pic_723.jpg 210,188,1003,794,79 
pic_078.jpg 42,33,647,294,79 
yoto10731.jpg 458,146,714,349,79 
pic_085.jpg 204,20,694,402,79 
foto02002.jpg 381,201,855,589,79 
pic_344.jpg 6,47,987,281,79 
0044.jpg 46,31,241,119,79 
pic_1235.jpg 116,131,497,246,79 
0230.jpg 116,207,633,425,79 
yoto01364.jpg 121,42,833,620,79 
0022.jpg 566,279,1510,856,79 
pic_500.jpg 67,134,375,312,79 
pic_436.jpg 10,112,798,428,79 
pic_686.jpg 316,422,1300,711,79 
pic_317.jpg 32,44,698,265,79 
0303.jpg 29,217,1076,893,79 
pic_329.jpg 329,194,701,462,79 
pic_711.jpg 24,142,300,379,79 
pic_1020.jpg 25,28,209,120,79 
pic_304.jpg 99,249,672,390,79 
pic_476.jpg 48,37,719,336,79 
0249.jpg 38,113,627,411,79 
pic_365.jpg 0,64,1023,514,79 
foto04786.jpg 591,118,775,257,79 
pic_182.jpg 71,225,967,558,79 
pic_003.jpg 266,405,2229,1413,79 
0242.jpg 18,17,226,117,79 
pic_361.jpg 82,191,393,368,79 
pic_266.jpg 6,125,219,257,79 
scene00871.jpg 607,71,1528,1082,79 
pic_703.jpg 37,86,330,216,79 
pic_143.jpg 24,59,224,150,79 
pic_434.jpg 291,86,489,197,79 
pic_176.jpg 63,20,720,458,79 
pic_1167.jpg 15,43,864,574,79 
0089.jpg 166,128,597,292,79 
foto14994.jpg 606,346,655,392,79 
pic_1056.jpg 269,17,560,181,79 
pic_112.jpg 68,206,673,504,79 
pic_780.jpg 172,168,638,335,79 
yoto00291.jpg 218,339,746,489,79 
pic_869.jpg 5,65,461,347,79 
pic_019.jpg 54,200,1105,884,79 
pic_670.jpg 18,6,955,805,79 
pic_193.jpg 587,12,1515,450,79 
pic_571.jpg 15,15,298,111,79 
pic_839.jpg 193,55,563,328,79 
scene00736.jpg 428,14,1554,719,79 
pic_054.jpg 31,33,551,257,79 
pic_010.jpg 42,158,1499,837,79 
0321.jpg 23,30,528,307,79 
pic_596.jpg 2,112,360,260,79 
pic_577.jpg 67,138,706,383,79 
pic_308.jpg 140,21,475,327,79 
scene00271.jpg 578,89,1615,691,79 
foto04989.jpg 373,17,942,320,79 
pic_477.jpg 38,178,1010,838,79 
0307.jpg 29,108,623,331,79 
scene00106.jpg 606,340,1659,784,79 
yoto10789.jpg 463,207,739,438,79 
pic_1068.jpg 115,146,421,532,79 
foto01857.jpg 398,237,858,647,79 
0074.jpg 8,80,495,385,79 
pic_1155.jpg 18,192,558,321,79 
pic_110.jpg 41,81,588,558,79 
pic_244.jpg 2,37,548,310,79 
pic_671.jpg 4,30,620,760,79 
pic_901.jpg 441,156,1127,713,79 
pic_1204.jpg 45,106,699,606,79 
pic_289.jpg 58,116,897,368,79 
yoto00929.jpg 176,311,702,453,79 
scene00766.jpg 153,168,1617,1087,79 
pic_1001.jpg 240,316,501,443,79 
pic_772.jpg 55,73,480,461,79 
pic_183.jpg 58,288,571,494,79 
foto01973.jpg 423,192,866,574,79 
pic_035.jpg 5,33,1711,1289,79 
pic_674.jpg 1,0,500,330,79 
0058.jpg 23,36,283,131,79 
pic_535.jpg 56,55,386,310,79 
pic_073.jpg 9,120,277,291,79 
pic_186.jpg 25,30,274,255,79 
pic_790.jpg 0,14,200,195,79 
0082.jpg 11,75,424,362,79 
pic_031.jpg 64,185,1000,816,79 
foto01393.jpg 568,114,1054,524,79 
pic_726.jpg 8,123,848,504,79 
yoto00349.jpg 180,250,718,405,79 
0039.jpg 14,36,206,133,79 
yoto01190.jpg 244,83,915,590,79 
0222.jpg 369,295,1615,1064,79 
foto02814.jpg 286,90,1047,635,79 
pic_640.jpg 3,7,1100,435,79 
scene01006.jpg 531,10,1002,1088,79 
pic_708.jpg 98,29,900,725,79 
0028.jpg 3,27,212,126,79 
0020.jpg 15,8,417,243,79 
scene00781.jpg 431,14,1661,901,79 
pic_574.jpg 10,136,494,373,79 
pic_930.jpg 25,114,800,486,79 
pic_844.jpg 6,13,346,115,79 
pic_318.jpg 53,9,717,395,79 
pic_154.jpg 80,25,548,176,79 
pic_320.jpg 6,17,601,207,79 
pic_408.jpg 12,18,463,254,79 
pic_171.jpg 52,89,556,495,79 
0016.jpg 180,116,1069,590,79 
pic_145.jpg 11,183,478,318,79 
0327.jpg 387,43,2289,620,79 
pic_762.jpg 124,79,912,637,79 
pic_239.jpg 90,195,740,413,79 
pic_312.jpg 45,84,712,327,79 
0052.jpg 42,11,243,117,79 
pic_212.jpg 48,127,1213,864,79 
pic_551.jpg 28,18,486,233,79 
pic_004.jpg 24,31,404,232,79 
pic_618.jpg 262,42,725,274,79 
yoto10412.jpg 132,295,658,445,79 
pic_454.jpg 49,79,1200,610,79 
pic_812.jpg 289,7,1280,343,79 
pic_340.jpg 11,90,271,221,79 
pic_086.jpg 16,267,1170,769,79 
0081.jpg 20,42,430,298,79 
pic_303.jpg 66,57,570,227,79 
0085.jpg 19,19,483,248,79 
pic_447.jpg 36,150,369,273,79 
0301.jpg 200,15,629,110,79 
pic_817.jpg 107,22,455,193,79 
pic_137.jpg 4,69,261,203,79 
yoto02988.jpg 299,254,832,455,79 
pic_272.jpg 11,115,1142,799,79 
pic_684.jpg 12,207,599,335,79 
pic_888.jpg 20,461,234,630,79 123,341,326,494,79 238,465,408,629,79 392,481,623,670,79 534,405,730,562,79 597,308,783,455,79 407,338,592,471,79 487,245,662,409,79 363,173,525,303,79 257,253,450,400,79 
0265.jpg 152,67,492,145,79 
pic_426.jpg 1,32,501,330,79 
pic_1143.jpg 207,57,363,178,79 
pic_682.jpg 59,46,685,281,79 
foto00204.jpg 596,269,686,341,79 
0070.jpg 62,51,528,323,79 
pic_799.jpg 128,272,793,687,79 
pic_593.jpg 163,145,523,370,79 
foto04467.jpg 193,42,812,440,79 
pic_100.jpg 9,85,273,217,79 
pic_704.jpg 2,39,542,317,79 
pic_750.jpg 21,333,1499,1089,79 
0300.jpg 446,116,695,188,79 
foto05656.jpg 426,126,781,342,79 
pic_159.jpg 0,119,432,314,79 
foto01277.jpg 607,235,1107,640,79 
foto05163.jpg 131,61,1030,418,79 
pic_362.jpg 153,33,593,322,79 
0247.jpg 88,174,772,502,79 
pic_227.jpg 6,10,317,104,79 
pic_419.jpg 33,83,557,284,79 
pic_118.jpg 57,76,633,301,79 
yoto11108.jpg 302,257,941,380,79 
pic_909.jpg 64,39,1259,414,79 
pic_921.jpg 242,90,353,151,79 
0284.jpg 172,15,1321,456,79 
pic_429.jpg 2,59,598,241,79 
0315.jpg 426,308,1219,609,79 
pic_761.jpg 21,34,989,895,79 
0330.jpg 72,61,591,325,79 
0248.jpg 117,1413,5091,3277,79 
pic_1140.jpg 174,199,343,261,79 
pic_024.jpg 132,45,694,311,79 
pic_763.jpg 116,200,1186,613,79 
pic_397.jpg 287,212,906,478,79 
pic_1076.jpg 54,21,578,164,79 
pic_870.jpg 124,49,288,182,79 
pic_450.jpg 353,9,485,59,79 
pic_015.jpg 32,81,266,202,79 
pic_1036.jpg 370,274,593,317,79 
pic_692.jpg 3,49,581,372,79 
pic_942.jpg 307,37,945,479,79 
0261.jpg 674,35,1096,259,79 
pic_514.jpg 199,51,510,165,79 
pic_619.jpg 7,23,250,227,79 
yoto00755.jpg 159,297,698,433,79 
pic_258.jpg 342,658,4620,1951,79 
pic_727.jpg 34,30,478,274,79 
pic_499.jpg 19,109,595,228,79 
pic_341.jpg 60,29,650,303,79 
pic_079.jpg 57,358,1188,937,79 
foto15139.jpg 531,126,558,156,79 
0298.jpg 63,129,471,398,79 
yoto02640.jpg 325,138,1036,385,79 
foto01509.jpg 491,0,1044,471,79 
pic_1090.jpg 52,11,1600,1184,79 
pic_685.jpg 3,5,1084,304,79 
pic_733.jpg 385,373,1741,858,79 
pic_612.jpg 1,1,805,590,79 
pic_495.jpg 703,463,892,558,79 
pic_589.jpg 107,40,605,228,79 
pic_834.jpg 4,167,640,408,79